0.49
0.55
0.6
0.63
0.67
0.69
0.71
0.71
0.68
0.64
0.64
0.66
0.66
0.64
0.6
0.49
0.27
-0.07
-0.39
-0.62
-0.77
-0.87
-0.94
-0.98
-1.01
-1.01
-0.97
-0.96
-0.95
-0.96
-0.95
-0.93
-0.87
-0.81
-0.75
-0.69
-0.67
-0.66
-0.63
-0.6
-0.54
-0.49
-0.45
-0.43
-0.41
-0.39
-0.36
-0.36
-0.41
-0.36
-0.23
-0.08
0.08
0.23
0.39
0.52
0.61
0.64
0.68
0.71
0.76
0.82
0.84
0.86
0.86
0.87
0.82
0.74
0.67
0.63
0.6
0.49
0.25
-0.05
-0.33
-0.55
-0.74
-0.88
-0.96
-1.0
-1.03
-1.03
-1.03
-1.01
-0.98
-0.98
-0.97
-0.95
-0.93
-0.88
-0.84
-0.79
-0.74
-0.68
-0.62
-0.59
-0.56
-0.52
-0.48
-0.43
-0.41
-0.38
-0.34
-0.29
-0.21
-0.09
0.01
0.13
0.25
0.36
0.49
0.6
0.69
0.75
0.8
0.82
0.82
0.81
0.79
0.77
0.76
0.76
0.76
0.75
0.74
0.66
0.46
0.15
-0.16
-0.38
-0.52
-0.62
-0.69
-0.74
-0.76
-0.79
-0.81
-0.83
-0.84
-0.86
-0.87
-0.83
-0.77
-0.7
-0.66
-0.61
-0.59
-0.56
-0.53
-0.49
-0.46
-0.41
-0.39
-0.36
-0.34
-0.33
-0.29
-0.33
-0.32
-0.21
-0.06
0.11
0.28
0.45
0.59
0.7
0.76
0.8
0.82
0.87
0.89
0.9
0.95
0.98
1.02
1.01
0.97
0.93
0.88
0.87
0.84
0.81
0.73
0.59
0.36
0.01
-0.35
-0.62
-0.81
-0.94
-1.02
-1.05
-1.08
-1.07
-1.03
-1.0
-0.97
-0.95
-0.93
-0.93
-0.9
-0.87
-0.84
-0.81
-0.76
-0.71
-0.69
-0.66
-0.61
-0.57
-0.54
-0.49
-0.45
-0.41
-0.35
-0.33
-0.28
-0.23
-0.14
-0.01
0.14
0.28
0.4
0.5
0.59
0.66
0.67
0.67
0.67
0.68
0.69
0.69
0.69
0.68
0.68
0.68
0.66
0.6
0.54
0.46
0.27
-0.02
-0.3
-0.52
-0.66
-0.76
-0.84
-0.91
-0.96
-0.95
-0.95
-0.93
-0.9
-0.88
-0.83
-0.77
-0.7
-0.67
-0.61
-0.55
-0.49
-0.43
-0.4
-0.36
-0.33
-0.28
-0.25
-0.22
-0.26
-0.2
-0.06
0.13
0.28
0.41
0.54
0.69
0.82
0.94
1.03
1.03
0.86
0.55
0.29
0.13
0.08
0.04
-0.05
-0.12
-0.19
-0.22
-0.25
-0.26
-0.26
-0.27
-0.26
-0.26
-0.27
-0.28
-0.33
-0.38
-0.3
-0.14
0.04
0.22
0.36
0.48
0.59
0.67
0.7
0.7
0.71
0.75
0.71
0.53
0.28
0.09
-0.04
-0.14
-0.26
-0.36
-0.47
-0.54
-0.57
-0.56
-0.54
-0.53
-0.5
-0.48
-0.48
-0.48
-0.5
-0.52
-0.52
-0.42
-0.28
-0.14
0.06
0.23
0.35
0.43
0.47
0.5
0.56
0.62
0.68
0.75
0.83
0.89
0.8
0.47
0.12
-0.15
-0.35
-0.46
-0.5
-0.54
-0.59
-0.62
-0.66
-0.68
-0.69
-0.67
-0.64
-0.61
-0.57
-0.54
-0.54
-0.53
-0.53
-0.53
-0.49
-0.38
-0.21
-0.05
0.13
0.28
0.45
0.59
0.69
0.75
0.79
0.84
0.89
0.95
1.0
1.04
1.07
0.94
0.57
0.13
-0.27
-0.53
-0.69
-0.77
-0.82
-0.86
-0.82
-0.79
-0.8
-0.82
-0.84
-0.83
-0.8
-0.73
-0.69
-0.66
-0.63
-0.61
-0.59
-0.59
-0.5
-0.34
-0.13
0.09
0.29
0.45
0.55
0.61
0.64
0.67
0.68
0.74
0.81
0.86
0.88
0.88
0.79
0.46
0.04
-0.35
-0.6
-0.73
-0.8
-0.84
-0.83
-0.81
-0.79
-0.77
-0.77
-0.8
-0.81
-0.8
-0.79
-0.75
-0.71
-0.7
-0.69
-0.68
-0.66
-0.49
-0.27
-0.02
0.29
0.41
0.35
0.2
0.02
-0.11
-0.07
0.01
0.19
0.4
0.57
0.5
0.27
-0.01
-0.26
-0.32
-0.15
0.07
0.28
0.4
0.39
0.21
0.0
-0.23
-0.36
-0.26
-0.07
0.12
0.35
0.5
0.47
0.3
0.05
-0.22
-0.39
-0.39
-0.25
-0.06
0.12
0.27
0.3
0.19
-0.04
-0.27
-0.38
-0.23
-0.04
0.15
0.36
0.53
0.45
0.2
-0.12
-0.36
-0.43
-0.27
-0.13
0.02
0.14
0.15
0.11
-0.05
-0.18
-0.35
-0.48
-0.52
-0.45
-0.23
-0.04
0.04
-0.01
-0.19
-0.39
-0.54
-0.61
-0.6
-0.33
0.02
-0.12
-0.29
-0.41
-0.39
0.06
0.2
0.09
-0.07
0.08
0.41
0.36
0.14
-0.22
-0.05
0.22
0.23
-0.12
-0.29
-0.07
0.43
0.64
0.36
0.23
0.41
0.64
0.43
-0.04
-0.13
0.26
0.53
0.32
-0.09
-0.06
0.38
0.5
0.28
-0.12
-0.12
-0.07
0.14
-0.04
-0.27
-0.21
-0.07
-0.16
-0.62
-0.91
-0.63
-0.16
-0.07
-0.34
-0.57
-0.43
0.01
0.33
0.22
0.06
0.29
0.35
0.33
0.35
0.23
0.04
-0.21
-0.38
-0.49
-0.57
-0.62
-0.62
-0.62
-0.62
-0.64
-0.63
-0.6
-0.56
-0.55
-0.54
-0.52
-0.48
-0.43
-0.39
-0.38
-0.39
-0.38
-0.39
-0.39
-0.38
-0.36
-0.35
-0.34
-0.33
-0.35
-0.38
-0.38
-0.35
-0.34
-0.32
-0.3
-0.27
-0.26
-0.23
-0.25
